-0.0163265
-0.0217521
0.00682045
-0.000496025
-0.0151371
0.00731647
-0.00422809
-0.0139396
0.00721781
-0.00552427
0.00298971
2.42718e-15
-0.00298971
0.00552427
-0.00721781
0.0078125
-0.00721781
0.00552427
-0.00298971
-4.03604e-15
0.00298971
-0.00552427
0.00721781
-0.0078125
0.00721781
-0.00552427
0.00298971
5.65879e-15
-0.00298971
0.00552427
-0.00721781
0.0078125
-0.00721781
0.00552427
-0.00298971
-7.26766e-15
0.00298971
-0.00552427
0.00721781
-0.0078125
0.00721781
-0.00552427
0.00298971
8.8904e-15
-0.00298971
0.00552427
-0.00721781
0.0078125
-0.00721781
0.00552427
-0.00298971
-1.04993e-14
0.00298971
-0.00552427
0.00721781
-0.0078125
0.00721781
-0.00552427
0.00298971
1.21081e-14
-0.00298971
0.00552427
-0.00721781
0.0078125
-0.00721781
0.00552427
-0.00298971
-1.37448e-14
0.00298971
-0.00552427
0.00721781
-0.0078125
0.00721781
-0.00552427
0.00298971
1.53536e-14
-0.00298971
0.00552427
-0.00721781
0.0078125
-0.00721781
0.00552427
-0.00298971
-1.69902e-14
0.00298971
-0.00552427
0.00721781
-0.0078125
0.00721781
-0.00552427
0.00298971
1.85714e-14
-0.00298971
0.00552427
-0.00721781
0.0078125
-0.00721781
0.00552427
-0.00298971
-2.0208e-14
0.00298971
-0.00552427
0.00721781
-0.0078125
0.00721781
-0.00552427
0.00298971
2.17891e-14
-0.00298971
0.00552427
-0.00721781
0.0078125
-0.00721781
0.00552427
-0.00298971
-2.34257e-14
0.00298971
-0.00552427
0.00721781
-0.0078125
0.00721781
-0.00552427
0.00298971
2.50623e-14
-0.00298971
0.00552427
-0.00721781
0.0078125

0.00851399
-0.0200586
0.00239502
-0.00717694
-0.00253456
0.00901001
0.00358441
0.00626663
0
0
0
0
0
0
0
0
0
0
0
0
0
0
0
0
0
0
0
0
0
0
0
0
0
0
0
0
0
0
0
0
0
0
0
0
0
0
0
0
0
0
0
0
0
0
0
0
0
0
0
0
0
0
0
0
0
0
0
0
0
0
0
0
0
0
0
0
0
0
0
0
0
0
0
0
0
0
0
0
0
0
0
0
0
0
0
0
0
0
0
0
0
0
0
0
0
0
0
0
0
0
0
0
0
0
0
0
0
0
0
0
0
0
0
0
0
0
0
0

0.0184131
0.0295888
0.00722874
0.00719406
0.0153478
0.0116065
0.00554299
0.0152834
0.00721781
0.00552427
0.00298971
2.42718e-15
0.00298971
0.00552427
0.00721781
0.0078125
0.00721781
0.00552427
0.00298971
4.03604e-15
0.00298971
0.00552427
0.00721781
0.0078125
0.00721781
0.00552427
0.00298971
5.65879e-15
0.00298971
0.00552427
0.00721781
0.0078125
0.00721781
0.00552427
0.00298971
7.26766e-15
0.00298971
0.00552427
0.00721781
0.0078125
0.00721781
0.00552427
0.00298971
8.8904e-15
0.00298971
0.00552427
0.00721781
0.0078125
0.00721781
0.00552427
0.00298971
1.04993e-14
0.00298971
0.00552427
0.00721781
0.0078125
0.00721781
0.00552427
0.00298971
1.21081e-14
0.00298971
0.00552427
0.00721781
0.0078125
0.00721781
0.00552427
0.00298971
1.37448e-14
0.00298971
0.00552427
0.00721781
0.0078125
0.00721781
0.00552427
0.00298971
1.53536e-14
0.00298971
0.00552427
0.00721781
0.0078125
0.00721781
0.00552427
0.00298971
1.69902e-14
0.00298971
0.00552427
0.00721781
0.0078125
0.00721781
0.00552427
0.00298971
1.85714e-14
0.00298971
0.00552427
0.00721781
0.0078125
0.00721781
0.00552427
0.00298971
2.0208e-14
0.00298971
0.00552427
0.00721781
0.0078125
0.00721781
0.00552427
0.00298971
2.17891e-14
0.00298971
0.00552427
0.00721781
0.0078125
0.00721781
0.00552427
0.00298971
2.34257e-14
0.00298971
0.00552427
0.00721781
0.0078125
0.00721781
0.00552427
0.00298971
2.50623e-14
0.00298971
0.00552427
0.00721781
0.0078125

2.66091
-2.39668
0.337702
-1.6398
-2.97569
0.888758
2.4384
2.71911
0
3.14159
0
0
3.14159
0
3.14159
0
3.14159
0
3.14159
3.14159
0
3.14159
0
3.14159
0
3.14159
0
0
3.14159
0
3.14159
0
3.14159
0
3.14159
3.14159
0
3.14159
0
3.14159
0
3.14159
0
0
3.14159
0
3.14159
0
3.14159
0
3.14159
3.14159
0
3.14159
0
3.14159
0
3.14159
0
0
3.14159
0
3.14159
0
3.14159
0
3.14159
3.14159
0
3.14159
0
3.14159
0
3.14159
0
0
3.14159
0
3.14159
0
3.14159
0
3.14159
3.14159
0
3.14159
0
3.14159
0
3.14159
0
0
3.14159
0
3.14159
0
3.14159
0
3.14159
3.14159
0
3.14159
0
3.14159
0
3.14159
0
0
3.14159
0
3.14159
0
3.14159
0
3.14159
3.14159
0
3.14159
0
3.14159
0
3.14159
0
0
3.14159
0
3.14159
0
